60 40 256 
2 2 2 2 2 2 2 2 2 2 2 2 2 2 2 2 2 2 2 2 2 2 2 2 2 2 2 2 2 2 2 2 2 2 2 2 2 2 2 2 2 2 2 2 2 2 2 2 2 2 2 2 2 2 2 2 2 2 2 2 
3 3 3 3 3 3 3 3 3 3 3 3 3 3 3 3 3 3 3 3 3 3 3 3 3 3 3 3 3 3 3 3 3 3 3 3 3 3 3 3 
1 0 21 175 
2 0 22 175 
3 0 23 175 
4 175 24 0 
5 175 25 0 
6 175 26 0 
7 175 27 247 
8 175 28 247 
9 175 29 0 
10 175 30 0 
11 175 31 0 
12 175 32 247 
13 175 33 247 
14 175 34 0 
15 175 35 0 
16 175 36 0 
17 175 37 247 
18 175 38 247 
19 175 39 247 
20 175 40 0 
1 175 40 247 
2 175 21 0 
3 175 22 0 
4 247 23 0 
5 247 24 175 
6 247 25 175 
7 247 26 175 
8 247 27 0 
9 247 28 0 
10 247 29 175 
11 247 30 175 
12 247 31 175 
13 247 32 0 
14 247 33 0 
15 247 34 175 
16 247 35 175 
17 247 36 175 
18 247 37 0 
19 247 38 0 
20 247 39 0 
1 247 38 175 
2 247 39 175 
3 247 40 175 
4 0 21 247 
5 0 22 247 
6 0 23 247 
7 0 24 247 
8 0 25 247 
9 0 26 247 
10 0 27 175 
11 0 28 175 
12 0 29 247 
13 0 30 247 
14 0 31 247 
15 0 32 175 
16 0 33 175 
17 0 34 247 
18 0 35 247 
19 0 36 247 
20 0 37 175 

1 0 21 175 41 247  
2 0 22 175 42 247  
3 0 23 175 43 247  
4 175 24 247 44 0  
5 175 25 247 45 0  
6 175 26 247 46 0  
7 175 27 247 47 0  
8 175 28 247 48 0  
9 175 29 247 49 0  
10 175 30 247 50 0  
11 175 31 247 51 0  
12 175 32 247 52 0  
13 175 33 247 53 0  
14 175 34 247 54 0  
15 175 35 247 55 0  
16 175 36 247 56 0  
17 175 37 247 57 0  
18 175 38 247 58 0  
19 175 39 247 59 0  
20 175 40 247 60 0  
1 175 22 0 44 247  
2 175 23 0 45 247  
3 175 24 0 46 247  
4 0 25 175 47 247  
5 0 26 175 48 247  
6 0 27 175 49 247  
7 247 28 0 50 175  
8 247 29 0 51 175  
9 0 30 175 52 247  
10 0 31 175 53 247  
11 0 32 175 54 247  
12 247 33 0 55 175  
13 247 34 0 56 175  
14 0 35 175 57 247  
15 0 36 175 58 247  
16 0 37 175 59 247  
17 247 38 0 60 175  
18 247 39 0 41 175  
19 247 40 0 42 175  
20 0 21 247 43 175  
